3.943619489669799805e+00
3.683407068252563477e+00
4.002945423126220703e+00
5.516768932342529297e+00
5.454364299774169922e+00
5.441459178924560547e+00
5.019321441650390625e+00
4.711238861083984375e+00
4.994533538818359375e+00
5.210954189300537109e+00
5.268114566802978516e+00
5.111730575561523438e+00
4.933974742889404297e+00
4.715473651885986328e+00
4.351833343505859375e+00
4.238576412200927734e+00
4.068580150604248047e+00
4.067265510559082031e+00
4.034461975097656250e+00
4.372190475463867188e+00
4.714939117431640625e+00
4.787141799926757812e+00
4.796730995178222656e+00
4.833805084228515625e+00
4.588294506072998047e+00
4.311588764190673828e+00
3.935418844223022461e+00
3.712832689285278320e+00
3.372492790222167969e+00
3.297931909561157227e+00
3.243705749511718750e+00
3.051672220230102539e+00
2.862422704696655273e+00
2.711868762969970703e+00
2.660085678100585938e+00
2.561388015747070312e+00
2.295015811920166016e+00
2.144918441772460938e+00
2.084586858749389648e+00
2.008751392364501953e+00
1.965734004974365234e+00
1.896570801734924316e+00
2.365852355957031250e+00
3.425590276718139648e+00
4.730377197265625000e+00
5.334484577178955078e+00
5.956228733062744141e+00
7.752789020538330078e+00
1.026309776306152344e+01
1.181691837310791016e+01
1.199876689910888672e+01
8.075507164001464844e+00
1.003406333923339844e+01
1.239503574371337891e+01
1.229227352142333984e+01
1.170429801940917969e+01
1.147691440582275391e+01
1.137891387939453125e+01
9.765503883361816406e+00
8.693070411682128906e+00
9.311559677124023438e+00
1.004914188385009766e+01
1.069940376281738281e+01
1.051301288604736328e+01
1.057428550720214844e+01
1.047618770599365234e+01
1.053890800476074219e+01
1.040418910980224609e+01
1.007565212249755859e+01
8.266377449035644531e+00
6.955369472503662109e+00
6.429197311401367188e+00
6.423736095428466797e+00
6.329010486602783203e+00
2.727338314056396484e+00
2.047826528549194336e+00
2.156187295913696289e+00
2.485993385314941406e+00
3.284495592117309570e+00
4.855771064758300781e+00
5.188785552978515625e+00
6.174963474273681641e+00
6.823726177215576172e+00
6.920875549316406250e+00
6.933790683746337891e+00
7.097074985504150391e+00
7.157724380493164062e+00
7.234421730041503906e+00
7.305397510528564453e+00
7.333129882812500000e+00
7.296340465545654297e+00
7.115538597106933594e+00
6.915125846862792969e+00
6.870687961578369141e+00
6.626436233520507812e+00
6.241018772125244141e+00
5.454217433929443359e+00
4.469445228576660156e+00
3.119639158248901367e+00
1.144900560379028320e+00
6.685457229614257812e-01
8.907593488693237305e-01
1.170593738555908203e+00
9.236856698989868164e-01
1.501119971275329590e+00
2.368209362030029297e+00
2.798715591430664062e+00
2.831419944763183594e+00
2.787596702575683594e+00
2.946205377578735352e+00
2.841554880142211914e+00
2.948582887649536133e+00
3.081457853317260742e+00
3.254990100860595703e+00
3.395763874053955078e+00
3.510012865066528320e+00
3.503917217254638672e+00
3.395531177520751953e+00
3.061156272888183594e+00
2.704180240631103516e+00
2.996917963027954102e+00
3.112454652786254883e+00
3.266057968139648438e+00
3.353763103485107422e+00
3.195063829421997070e+00
2.606089353561401367e+00
1.621726751327514648e+00
1.148245811462402344e+00
7.737902402877807617e-01
5.111335515975952148e-01
8.355294167995452881e-02
9.576417505741119385e-03
4.835609346628189087e-03
6.637502461671829224e-03
8.436453528702259064e-03
7.493345066905021667e-03
4.030921030789613724e-03
7.248555310070514679e-03
1.286607608199119568e-02
1.348372083157300949e-02
2.336512506008148193e-02
2.858180925250053406e-02
2.690766379237174988e-02
4.476764053106307983e-02
7.100760191679000854e-02
8.719313144683837891e-02
5.971036478877067566e-02
8.667933940887451172e-02
1.175838857889175415e-01
2.091165482997894287e-01
3.205893635749816895e-01
3.831962645053863525e-01
4.564729332923889160e-01
5.210820436477661133e-01
5.805882811546325684e-01
6.278149485588073730e-01
6.604294180870056152e-01
7.048432826995849609e-01
7.289944291114807129e-01
7.317818403244018555e-01
6.887068152427673340e-01
7.373560070991516113e-01
7.799255847930908203e-01
7.978069186210632324e-01
7.518954873085021973e-01
7.620961070060729980e-01
8.386877775192260742e-01
8.670001626014709473e-01
8.593953847885131836e-01
8.224886655807495117e-01
8.283784389495849609e-01
8.363179564476013184e-01
8.190602064132690430e-01
8.075101375579833984e-01
7.895544171333312988e-01
7.735008001327514648e-01
7.477278709411621094e-01
7.214165329933166504e-01
6.831365823745727539e-01
6.615903377532958984e-01
6.126010417938232422e-01
5.716369152069091797e-01
5.149991512298583984e-01
4.896996319293975830e-01
4.739988744258880615e-01
4.322082102298736572e-01
3.590072393417358398e-01
2.956986129283905029e-01
2.208161056041717529e-01
1.672486811876296997e-01
8.476195484399795532e-02
3.188473358750343323e-02
1.331984158605337143e-02
5.476412363350391388e-03
4.093577153980731964e-03
2.027764683589339256e-03
8.699923055246472359e-04
1.103088026866316795e-03
1.048534526489675045e-03
9.364025900140404701e-04
5.845585837960243225e-04
6.228339625522494316e-04
1.188596361316740513e-03
8.283175411634147167e-04
1.047248137183487415e-03
1.262761186808347702e-03
1.226077089086174965e-03
1.563982572406530380e-03
3.132957732304930687e-03
4.415265750139951706e-03
4.362175241112709045e-03
6.158240605145692825e-03
9.424720890820026398e-03
1.880500838160514832e-02
3.108550608158111572e-02
4.330063611268997192e-02
4.870598390698432922e-02
3.412893414497375488e-02
1.362652145326137543e-02
1.601221598684787750e-02
2.604193985462188721e-02
5.559310689568519592e-02
7.666926831007003784e-02
7.800690084695816040e-02
6.711146980524063110e-02
5.196572095155715942e-02
6.163232401013374329e-02
6.719372421503067017e-02
8.762330561876296997e-02
9.599954634904861450e-02
1.045865416526794434e-01
1.058811247348785400e-01
1.143759042024612427e-01
1.147767454385757446e-01
1.174793913960456848e-01
1.244511827826499939e-01
1.294777542352676392e-01
1.287890374660491943e-01
1.214330866932868958e-01
1.211216151714324951e-01
1.181817576289176941e-01
1.211589574813842773e-01
1.180381476879119873e-01
1.178535595536231995e-01
1.146261468529701233e-01
1.141276359558105469e-01
1.214266419410705566e-01
1.195158287882804871e-01
1.191393211483955383e-01
1.154891029000282288e-01
1.113391593098640442e-01
1.050484552979469299e-01
9.733230620622634888e-02
9.141806513071060181e-02
8.585345745086669922e-02
8.321684598922729492e-02
8.119251579046249390e-02
7.166444510221481323e-02
6.852776557207107544e-02
6.900407373905181885e-02
6.074480712413787842e-02
5.643592402338981628e-02
5.884223058819770813e-02
4.996223375201225281e-02
4.207966476678848267e-02
3.737672045826911926e-02
4.236898198723793030e-02
3.395257517695426941e-02
2.981813438236713409e-02
2.701074071228504181e-02
2.452210336923599243e-02
2.744296006858348846e-02
2.318878099322319031e-02
1.871331408619880676e-02
1.419706270098686218e-02
1.879952289164066315e-02
1.503183320164680481e-02
1.509997621178627014e-02
8.846840821206569672e-03
1.028641965240240097e-02
1.082087494432926178e-02
6.424562539905309677e-03
5.829461384564638138e-03
3.756331047043204308e-03
1.873070606961846352e-03
