0.000000000000000000e+00 3.810055800000000104e-01 8.414999999999998870e-03
1.000000000000000000e+00 3.884092000000000100e-01 8.414999999999998870e-03
2.000000000000000000e+00 3.958158299999999796e-01 8.414999999999998870e-03
3.000000000000000000e+00 4.032253999999999561e-01 8.414999999999998870e-03
4.000000000000000000e+00 4.106380000000000030e-01 8.416999999999999135e-03
5.000000000000000000e+00 4.180536000000000252e-01 8.417999999999998401e-03
6.000000000000000000e+00 4.254721399999999987e-01 8.419000000000001135e-03
7.000000000000000000e+00 4.328926999999999636e-01 8.420999999999999666e-03
8.000000000000000000e+00 4.403172599999999881e-01 8.422000000000000666e-03
9.000000000000000000e+00 4.477427999999999964e-01 8.423999999999999197e-03
1.000000000000000000e+01 4.551703500000000013e-01 8.425000000000000197e-03
1.100000000000000000e+01 4.625988799999999901e-01 8.425999999999999462e-03
1.200000000000000000e+01 4.700303999999999593e-01 8.428000000000001463e-03
1.300000000000000000e+01 4.774629200000000129e-01 8.429000000000000728e-03
1.400000000000000000e+01 4.848974299999999626e-01 8.430999999999999259e-03
1.500000000000000000e+01 4.923329200000000072e-01 8.432000000000000259e-03
1.600000000000000000e+01 4.997714199999999662e-01 8.432999999999999524e-03
1.700000000000000000e+01 5.072098999999999913e-01 8.434999999999999790e-03
1.800000000000000000e+01 5.146503999999999523e-01 8.436000000000000790e-03
1.900000000000000000e+01 5.220909000000000244e-01 8.438000000000001055e-03
2.000000000000000000e+01 5.295333000000000956e-01 8.439000000000000321e-03
2.100000000000000000e+01 5.369768000000000319e-01 8.439999999999999586e-03
2.200000000000000000e+01 5.444212599999999069e-01 8.441999999999999851e-03
2.300000000000000000e+01 5.518667000000000433e-01 8.442999999999999117e-03
2.400000000000000000e+01 5.593141999999999836e-01 8.445000000000001117e-03
2.500000000000000000e+01 5.667616000000000875e-01 8.446000000000000382e-03
2.600000000000000000e+01 5.742090499999999986e-01 8.446999999999999648e-03
2.700000000000000000e+01 5.816584999999999672e-01 8.448999999999999913e-03
2.800000000000000000e+01 5.891079999999999650e-01 8.449999999999999178e-03
2.900000000000000000e+01 5.965583500000000150e-01 8.451999999999999444e-03
3.000000000000000000e+01 6.040098000000000411e-01 8.452999999999998709e-03
3.100000000000000000e+01 6.114622000000000668e-01 8.454000000000001444e-03
3.200000000000000000e+01 6.189145999999999814e-01 8.455999999999999975e-03
3.300000000000000000e+01 6.263680399999999038e-01 8.457000000000000975e-03
3.400000000000000000e+01 6.338215000000000376e-01 8.458999999999999506e-03
3.500000000000000000e+01 6.412759000000000098e-01 8.460000000000000506e-03
3.600000000000000000e+01 6.487303000000000930e-01 8.460999999999999771e-03
3.700000000000000000e+01 6.561856999999999829e-01 8.463000000000000037e-03
3.800000000000000000e+01 6.636411000000000948e-01 8.464000000000001037e-03
3.900000000000000000e+01 6.710975300000000532e-01 8.465999999999999567e-03
4.000000000000000000e+01 6.785539000000000431e-01 8.467000000000000567e-03
4.100000000000000000e+01 6.860103000000000728e-01 8.467999999999999833e-03
4.200000000000000000e+01 6.934677000000000202e-01 8.470000000000000098e-03
4.300000000000000000e+01 7.009251000000000786e-01 8.470999999999999364e-03
4.400000000000000000e+01 7.083835400000000337e-01 8.473000000000001364e-03
4.500000000000000000e+01 7.158409400000000922e-01 8.474000000000000629e-03
4.600000000000000000e+01 7.232992999999999784e-01 8.474999999999999895e-03
4.700000000000000000e+01 7.307586999999999833e-01 8.477000000000000160e-03
4.800000000000000000e+01 7.382170999999999594e-01 8.477999999999999425e-03
4.900000000000000000e+01 7.456765000000000754e-01 8.479999999999999691e-03
5.000000000000000000e+01 7.531358999999999693e-01 8.481000000000000691e-03
5.100000000000000000e+01 7.605963000000000029e-01 8.481999999999999956e-03
5.200000000000000000e+01 7.680557000000000079e-01 8.484000000000000222e-03
5.300000000000000000e+01 7.755161000000000415e-01 8.484999999999999487e-03
5.400000000000000000e+01 7.829775399999999719e-01 8.486999999999999753e-03
5.500000000000000000e+01 7.904379000000000266e-01 8.487999999999999018e-03
5.600000000000000000e+01 7.978993500000000072e-01 8.489000000000000018e-03
5.700000000000000000e+01 8.053617600000000376e-01 8.491000000000000283e-03
5.800000000000000000e+01 8.128232000000000790e-01 8.492000000000001284e-03
5.900000000000000000e+01 8.202845999999999194e-01 8.493999999999999814e-03
6.000000000000000000e+01 8.277459999999999818e-01 8.494999999999999080e-03
6.100000000000000000e+01 8.352074000000000442e-01 8.496000000000000080e-03
6.200000000000000000e+01 8.426698599999999928e-01 8.497999999999998610e-03
6.300000000000000000e+01 8.501313000000000342e-01 8.499000000000001345e-03
6.400000000000000000e+01 8.575937000000000143e-01 8.500999999999999876e-03
6.500000000000000000e+01 8.650551000000000768e-01 8.502000000000000876e-03
6.600000000000000000e+01 8.725176000000000043e-01 8.503000000000000141e-03
6.700000000000000000e+01 8.799800400000000744e-01 8.505000000000000407e-03
6.800000000000000000e+01 8.874414699999999545e-01 8.505999999999999672e-03
6.900000000000000000e+01 8.949039299999999031e-01 8.507999999999999938e-03
7.000000000000000000e+01 9.023664000000000129e-01 8.509000000000000938e-03
7.100000000000000000e+01 9.098288599999999615e-01 8.510000000000000203e-03
7.200000000000000000e+01 9.172913000000000316e-01 8.512000000000000469e-03
7.300000000000000000e+01 9.247537999999999592e-01 8.512999999999999734e-03
7.400000000000000000e+01 9.322162499999999685e-01 8.514999999999999999e-03
7.500000000000000000e+01 9.396788000000000363e-01 8.515999999999999265e-03
7.600000000000000000e+01 9.471402600000000671e-01 8.517000000000000265e-03
7.700000000000000000e+01 9.546027000000000262e-01 8.519000000000000530e-03
7.800000000000000000e+01 9.620642999999999834e-01 8.519999999999999796e-03
7.900000000000000000e+01 9.695268000000000219e-01 8.522000000000000061e-03
8.000000000000000000e+01 9.769883000000000317e-01 8.522999999999999327e-03
8.100000000000000000e+01 9.844497999999999305e-01 8.523999999999998592e-03
8.200000000000000000e+01 9.919113999999999987e-01 8.526000000000000592e-03
8.300000000000000000e+01 9.993728599999999185e-01 8.526999999999999857e-03
8.400000000000000000e+01 1.006834400000000018e+00 8.529000000000000123e-03
8.500000000000000000e+01 1.014294999999999947e+00 8.529999999999999388e-03
8.600000000000000000e+01 1.021756600000000015e+00 8.531000000000000388e-03
8.700000000000000000e+01 1.029217199999999943e+00 8.532999999999998919e-03
8.800000000000000000e+01 1.036677700000000035e+00 8.533999999999999919e-03
8.900000000000000000e+01 1.044138299999999964e+00 8.536000000000000185e-03
9.000000000000000000e+01 1.051598899999999892e+00 8.537000000000001185e-03
9.100000000000000000e+01 1.059059600000000101e+00 8.538000000000000450e-03
9.200000000000000000e+01 1.066520099999999971e+00 8.539999999999998981e-03
9.300000000000000000e+01 1.073979700000000204e+00 8.540999999999999981e-03
9.400000000000000000e+01 1.081440399999999968e+00 8.542999999999998512e-03
9.500000000000000000e+01 1.088900000000000201e+00 8.544000000000001246e-03
9.600000000000000000e+01 1.096359700000000048e+00 8.545000000000000512e-03
9.700000000000000000e+01 1.103818400000000199e+00 8.547000000000000777e-03
9.800000000000000000e+01 1.111278100000000046e+00 8.548000000000000043e-03
9.900000000000000000e+01 1.118736799999999976e+00 8.550000000000000308e-03
1.000000000000000000e+02 1.126196399999999986e+00 8.550999999999999573e-03
1.010000000000000000e+02 1.133655199999999974e+00 8.551999999999998839e-03
1.020000000000000000e+02 1.141112899999999986e+00 8.554000000000000839e-03
1.030000000000000000e+02 1.148571699999999973e+00 8.555000000000000104e-03
1.040000000000000000e+02 1.156030400000000125e+00 8.557000000000000370e-03
1.050000000000000000e+02 1.163488199999999972e+00 8.557999999999999635e-03
1.060000000000000000e+02 1.170945899999999984e+00 8.558999999999998901e-03
1.070000000000000000e+02 1.178403700000000054e+00 8.560999999999999166e-03
1.080000000000000000e+02 1.185861599999999960e+00 8.562000000000000166e-03
1.090000000000000000e+02 1.193318400000000112e+00 8.564000000000000432e-03
1.100000000000000000e+02 1.200776100000000124e+00 8.564999999999999697e-03
1.110000000000000000e+02 1.208232999999999890e+00 8.566000000000000697e-03
1.120000000000000000e+02 1.215689800000000043e+00 8.567999999999999228e-03
1.130000000000000000e+02 1.223146700000000031e+00 8.569000000000000228e-03
1.140000000000000000e+02 1.230603600000000020e+00 8.571000000000000493e-03
1.150000000000000000e+02 1.238059600000000149e+00 8.571999999999999759e-03
1.160000000000000000e+02 1.245515399999999939e+00 8.573000000000000759e-03
1.170000000000000000e+02 1.252972400000000208e+00 8.574999999999999289e-03
1.180000000000000000e+02 1.260428300000000057e+00 8.576000000000000290e-03
1.190000000000000000e+02 1.267883300000000046e+00 8.577999999999998820e-03
1.200000000000000000e+02 1.275339199999999895e+00 8.578999999999999820e-03
1.210000000000000000e+02 1.282794200000000107e+00 8.580000000000000820e-03
1.220000000000000000e+02 1.290250200000000014e+00 8.582000000000001086e-03
1.230000000000000000e+02 1.297705200000000003e+00 8.583000000000000351e-03
1.240000000000000000e+02 1.305160300000000051e+00 8.585000000000000617e-03
1.250000000000000000e+02 1.312614399999999959e+00 8.585999999999999882e-03
1.260000000000000000e+02 1.320068500000000089e+00 8.586999999999999147e-03
1.270000000000000000e+02 1.327522499999999939e+00 8.589000000000001148e-03
1.280000000000000000e+02 1.334975599999999929e+00 8.590000000000000413e-03
1.290000000000000000e+02 1.342428699999999919e+00 8.592000000000000678e-03
1.300000000000000000e+02 1.349881800000000132e+00 8.592999999999999944e-03
1.310000000000000000e+02 1.357335100000000017e+00 8.593999999999999209e-03
1.320000000000000000e+02 1.364787200000000089e+00 8.595999999999999475e-03
1.330000000000000000e+02 1.372238399999999858e+00 8.596999999999998740e-03
1.340000000000000000e+02 1.379690700000000048e+00 8.599000000000000740e-03
1.350000000000000000e+02 1.387141800000000202e+00 8.600000000000000006e-03
1.360000000000000000e+02 1.394593100000000030e+00 8.601000000000001006e-03
1.370000000000000000e+02 1.402043300000000103e+00 8.602999999999999536e-03
1.380000000000000000e+02 1.409493700000000072e+00 8.603999999999998802e-03
1.390000000000000000e+02 1.416943999999999981e+00 8.605999999999999067e-03
1.400000000000000000e+02 1.424393299999999973e+00 8.607000000000000067e-03
1.410000000000000000e+02 1.431842700000000024e+00 8.608000000000001067e-03
1.420000000000000000e+02 1.439292000000000016e+00 8.609999999999999598e-03
1.430000000000000000e+02 1.446740399999999926e+00 8.611000000000000598e-03
1.440000000000000000e+02 1.454188799999999837e+00 8.612999999999999129e-03
1.450000000000000000e+02 1.461637199999999970e+00 8.614000000000000129e-03
1.460000000000000000e+02 1.469084700000000021e+00 8.614999999999999394e-03
1.470000000000000000e+02 1.476532099999999792e+00 8.617000000000001395e-03
1.480000000000000000e+02 1.483979599999999843e+00 8.618000000000000660e-03
1.490000000000000000e+02 1.491426099999999977e+00 8.619999999999999191e-03
1.500000000000000000e+02 1.498872699999999947e+00 8.621000000000000191e-03
1.510000000000000000e+02 1.506319199999999858e+00 8.621999999999999456e-03
1.520000000000000000e+02 1.513764899999999969e+00 8.623999999999999722e-03
1.530000000000000000e+02 1.521210399999999963e+00 8.625000000000000722e-03
1.540000000000000000e+02 1.528654999999999875e+00 8.627000000000000987e-03
1.550000000000000000e+02 1.536100699999999986e+00 8.628000000000000252e-03
1.560000000000000000e+02 1.543545399999999956e+00 8.628999999999999518e-03
1.570000000000000000e+02 1.550989100000000009e+00 8.630999999999999783e-03
1.580000000000000000e+02 1.558432900000000121e+00 8.631999999999999049e-03
1.590000000000000000e+02 1.565876599999999952e+00 8.634000000000001049e-03
1.600000000000000000e+02 1.573319300000000087e+00 8.635000000000000314e-03
1.610000000000000000e+02 1.580762099999999837e+00 8.635999999999999580e-03
1.620000000000000000e+02 1.588204999999999867e+00 8.637999999999999845e-03
1.630000000000000000e+02 1.595646700000000084e+00 8.638999999999999110e-03
1.640000000000000000e+02 1.603088599999999975e+00 8.640999999999999376e-03
1.650000000000000000e+02 1.610529500000000169e+00 8.641999999999998641e-03
1.660000000000000000e+02 1.617970499999999978e+00 8.643000000000001376e-03
1.670000000000000000e+02 1.625410400000000033e+00 8.644999999999999907e-03
1.680000000000000000e+02 1.632851300000000005e+00 8.646000000000000907e-03
1.690000000000000000e+02 1.640290299999999979e+00 8.647999999999999438e-03
1.700000000000000000e+02 1.647730299999999870e+00 8.648999999999998703e-03
1.710000000000000000e+02 1.655169399999999902e+00 8.649999999999999703e-03
1.720000000000000000e+02 1.662607400000000180e+00 8.651999999999999968e-03
1.730000000000000000e+02 1.670045499999999850e+00 8.653000000000000969e-03
1.740000000000000000e+02 1.677483599999999964e+00 8.654999999999999499e-03
1.750000000000000000e+02 1.684920900000000055e+00 8.656000000000000499e-03
1.760000000000000000e+02 1.692358000000000029e+00 8.656999999999999765e-03
1.770000000000000000e+02 1.699795200000000062e+00 8.659000000000000030e-03
1.780000000000000000e+02 1.707231399999999955e+00 8.659999999999999296e-03
1.790000000000000000e+02 1.714666699999999988e+00 8.662000000000001296e-03
1.800000000000000000e+02 1.722103000000000161e+00 8.663000000000000561e-03
1.810000000000000000e+02 1.729538299999999973e+00 8.663999999999999826e-03
1.820000000000000000e+02 1.736972699999999925e+00 8.666000000000000092e-03
1.830000000000000000e+02 1.744407099999999877e+00 8.666999999999999357e-03
1.840000000000000000e+02 1.751841399999999993e+00 8.668999999999999623e-03
1.850000000000000000e+02 1.759274899999999864e+00 8.670000000000000623e-03
1.860000000000000000e+02 1.766708399999999957e+00 8.670999999999999888e-03
1.870000000000000000e+02 1.774141800000000213e+00 8.673000000000000154e-03
1.880000000000000000e+02 1.781574299999999944e+00 8.673999999999999419e-03
1.890000000000000000e+02 1.789007000000000014e+00 8.675999999999999684e-03
1.900000000000000000e+02 1.796438500000000049e+00 8.676999999999998950e-03
1.910000000000000000e+02 1.803870100000000143e+00 8.678000000000001685e-03
1.920000000000000000e+02 1.811300799999999933e+00 8.680000000000000215e-03
1.930000000000000000e+02 1.818731399999999887e+00 8.680999999999999481e-03
1.940000000000000000e+02 1.826161099999999982e+00 8.682999999999999746e-03
1.950000000000000000e+02 1.833590999999999971e+00 8.683999999999999012e-03
1.960000000000000000e+02 1.841020600000000007e+00 8.685000000000000012e-03
1.970000000000000000e+02 1.848449499999999857e+00 8.686999999999998542e-03
1.980000000000000000e+02 1.855877300000000174e+00 8.688000000000001277e-03
1.990000000000000000e+02 1.863305200000000106e+00 8.689999999999999808e-03
2.000000000000000000e+02 1.870732999999999979e+00 8.691000000000000808e-03
2.010000000000000000e+02 1.878160000000000052e+00 8.692000000000000073e-03
2.020000000000000000e+02 1.885586900000000066e+00 8.694000000000000339e-03
2.030000000000000000e+02 1.893012999999999835e+00 8.694999999999999604e-03
2.040000000000000000e+02 1.900438999999999989e+00 8.696999999999999870e-03
2.050000000000000000e+02 1.907864000000000004e+00 8.698000000000000870e-03
2.060000000000000000e+02 1.915289199999999914e+00 8.699000000000000135e-03
2.070000000000000000e+02 1.922713299999999848e+00 8.701000000000000401e-03
2.080000000000000000e+02 1.930137500000000061e+00 8.701999999999999666e-03
2.090000000000000000e+02 1.937560699999999914e+00 8.703999999999999931e-03
2.100000000000000000e+02 1.944983899999999988e+00 8.705000000000000931e-03
2.110000000000000000e+02 1.952407099999999840e+00 8.706000000000000197e-03
2.120000000000000000e+02 1.959829500000000113e+00 8.708000000000000462e-03
2.130000000000000000e+02 1.967251800000000106e+00 8.708999999999999728e-03
2.140000000000000000e+02 1.974673200000000017e+00 8.710999999999999993e-03
2.150000000000000000e+02 1.982094599999999929e+00 8.711999999999999258e-03
2.160000000000000000e+02 1.989515000000000144e+00 8.714000000000001259e-03
2.170000000000000000e+02 1.996935499999999974e+00 8.715000000000000524e-03
2.180000000000000000e+02 2.004354999999999887e+00 8.715999999999999789e-03
2.190000000000000000e+02 2.011774500000000021e+00 8.718000000000000055e-03
2.200000000000000000e+02 2.019193099999999852e+00 8.718999999999999320e-03
2.210000000000000000e+02 2.026611799999999963e+00 8.720999999999999586e-03
2.220000000000000000e+02 2.034030400000000238e+00 8.721999999999998851e-03
2.230000000000000000e+02 2.041447100000000070e+00 8.723000000000001586e-03
2.240000000000000000e+02 2.048864999999999714e+00 8.725000000000000117e-03
2.250000000000000000e+02 2.056280800000000131e+00 8.726000000000001117e-03
2.260000000000000000e+02 2.063696499999999823e+00 8.727000000000000382e-03
2.270000000000000000e+02 2.071112299999999795e+00 8.728999999999998913e-03
2.280000000000000000e+02 2.078527300000000189e+00 8.729999999999999913e-03
2.290000000000000000e+02 2.085942100000000021e+00 8.732000000000000178e-03
2.300000000000000000e+02 2.093356200000000111e+00 8.733000000000001178e-03
2.310000000000000000e+02 2.100768999999999664e+00 8.734000000000000444e-03
2.320000000000000000e+02 2.108182100000000059e+00 8.736000000000000709e-03
2.330000000000000000e+02 2.115594199999999869e+00 8.736999999999999975e-03
2.340000000000000000e+02 2.123006300000000124e+00 8.739000000000000240e-03
2.350000000000000000e+02 2.130417500000000075e+00 8.739999999999999505e-03
2.360000000000000000e+02 2.137828900000000143e+00 8.741000000000000505e-03
2.370000000000000000e+02 2.145239000000000118e+00 8.743000000000000771e-03
2.380000000000000000e+02 2.152648200000000234e+00 8.744000000000000036e-03
2.390000000000000000e+02 2.160057600000000022e+00 8.746000000000000302e-03
2.400000000000000000e+02 2.167467000000000255e+00 8.746999999999999567e-03
2.410000000000000000e+02 2.174875500000000184e+00 8.747999999999998832e-03
2.420000000000000000e+02 2.182282999999999973e+00 8.750000000000000833e-03
2.430000000000000000e+02 2.189690399999999926e+00 8.751000000000000098e-03
2.440000000000000000e+02 2.197097000000000300e+00 8.753000000000000363e-03
2.450000000000000000e+02 2.204503400000000113e+00 8.753999999999999629e-03
2.460000000000000000e+02 2.211909200000000020e+00 8.755000000000000629e-03
2.470000000000000000e+02 2.219314699999999974e+00 8.756999999999999160e-03
2.480000000000000000e+02 2.226719500000000185e+00 8.757999999999998425e-03
2.490000000000000000e+02 2.234123300000000256e+00 8.760000000000000425e-03
2.500000000000000000e+02 2.241526899999999767e+00 8.760999999999999691e-03
2.510000000000000000e+02 2.248929700000000143e+00 8.762999999999999956e-03
2.520000000000000000e+02 2.256332800000000027e+00 8.763999999999999221e-03
2.530000000000000000e+02 2.263734599999999819e+00 8.765000000000000221e-03
2.540000000000000000e+02 2.271136499999999891e+00 8.766999999999998752e-03
2.550000000000000000e+02 2.278537599999999941e+00 8.768000000000001487e-03
2.560000000000000000e+02 2.285938699999999990e+00 8.770000000000000018e-03
2.570000000000000000e+02 2.293338600000000227e+00 8.771000000000001018e-03
2.580000000000000000e+02 2.300737799999999833e+00 8.772000000000000283e-03
2.590000000000000000e+02 2.308136000000000188e+00 8.773999999999998814e-03
2.600000000000000000e+02 2.315534200000000098e+00 8.774999999999999814e-03
2.610000000000000000e+02 2.322932600000000125e+00 8.777000000000000079e-03
2.620000000000000000e+02 2.330329799999999896e+00 8.778000000000001080e-03
2.630000000000000000e+02 2.337726299999999924e+00 8.779000000000000345e-03
2.640000000000000000e+02 2.345121600000000139e+00 8.781000000000000610e-03
2.650000000000000000e+02 2.352516999999999747e+00 8.781999999999999876e-03
2.660000000000000000e+02 2.359912599999999916e+00 8.782999999999999141e-03
2.670000000000000000e+02 2.367307100000000109e+00 8.784999999999999407e-03
2.680000000000000000e+02 2.374700699999999998e+00 8.786000000000000407e-03
2.690000000000000000e+02 2.382093499999999864e+00 8.788000000000000672e-03
2.700000000000000000e+02 2.389485999999999777e+00 8.788999999999999937e-03
2.710000000000000000e+02 2.396878000000000064e+00 8.789999999999999203e-03
2.720000000000000000e+02 2.404269499999999837e+00 8.791999999999999468e-03
2.730000000000000000e+02 2.411660400000000148e+00 8.792999999999998734e-03
2.740000000000000000e+02 2.419051300000000015e+00 8.795000000000000734e-03
2.750000000000000000e+02 2.426440200000000047e+00 8.795999999999999999e-03
2.760000000000000000e+02 2.433830299999999891e+00 8.797000000000000999e-03
2.770000000000000000e+02 2.441218300000000063e+00 8.798999999999999530e-03
2.780000000000000000e+02 2.448606400000000072e+00 8.800000000000000530e-03
2.790000000000000000e+02 2.455994400000000244e+00 8.801999999999999061e-03
2.800000000000000000e+02 2.463381599999999949e+00 8.803000000000000061e-03
2.810000000000000000e+02 2.470767799999999959e+00 8.804000000000001061e-03
2.820000000000000000e+02 2.478152999999999828e+00 8.805999999999999592e-03
2.830000000000000000e+02 2.485538599999999931e+00 8.807000000000000592e-03
2.840000000000000000e+02 2.492923800000000245e+00 8.808999999999999123e-03
